42.36808982398361
42.027729033026844
166.63906949572265
160.77041599713266
363.11103458935395
361.35359790781513
636.4384734272026
630.485895127058
986.2047039978206
977.0603688331321
1383.2727730479091
1396.3127698069438
1898.9825810249895
1943.1496143611148
2497.7512290347368
2473.5761639610864
3136.465995880775
3151.9803052200004
3869.92874475196
3932.2586505850777
42.70090190274641
42.91460961010307
163.0889305509627
164.32153325900435
361.2400883100927
358.9476364450529
640.8910489100963
630.7971702148207
992.319467113819
986.0702712521888
1427.4092254098505
1427.7232428509742
1939.8751541660167
1918.499280182179
2538.3343834928237
2486.648132001981
3114.677526575979
3105.6175561388955
3913.757653724868
3837.3254366670735
