0.027052777993958443
0.02358571399236098
0.10015346600266639
0.09858740700292401
0.2242487090115901
0.19536043900006916
0.41001579799922183
0.3877439450006932
0.6297950919979485
0.5931501019949792
0.8183662480005296
0.78714380900783
1.03020987000491
1.1510780249955133
1.5844186220056145
1.5104187739925692
1.8767511360056233
2.1060395399981644
2.125362842998584
2.231127994993585
0.0749082139955135
0.059385579006629996
0.3539436520077288
0.3498336689954158
0.8958546509966254
0.8928004500048701
1.5970556309912354
1.5626633039937587
2.6353737340105
2.5533034279942513
3.9069957369938493
4.081186509996769
5.428512904007221
5.007851593007217
7.143198156991275
7.26405122000142
9.052243442987674
9.537829660010175
11.693636681011412
11.624229818000458
0.10435954600689001
0.09545558399986476
0.6045643479883438
0.6115879690041766
1.725333288006368
1.7220020370004931
3.4502941249957075
3.5165397489909083
5.600513465004042
5.587647826992907
7.989059592000558
8.527555193999433
12.03980036599387
12.088360298992484
15.66087152599357
16.475920502998633
21.32390640200174
20.75718918000348
25.290373752010055
26.857895868000924
0.13894433599489275
0.13696824900398497
0.9024304890044732
0.8907583469990641
2.5394350019923877
2.5764624790026573
5.4456490029988345
5.4697992659930605
9.150930718009477
9.609831838999526
14.351302159004263
14.86373265099246
21.00074721200508
20.906160892001935
28.347553321000305
27.579127197997877
36.60255609599699
37.36810175899882
45.99090730199532
44.773222962990985
0.16891613599727862
0.18267997598741204
1.2131306030059932
1.140236626000842
3.4592971279926132
3.5774746460083406
7.726248182007112
7.719058524002321
13.784785344992997
13.617075707996264
21.45556920299714
21.178798578999704
29.87258610400022
30.770313846995123
42.38182332999713
42.850311011003214
54.169704214000376
56.883207107995986
71.01898721099133
70.74802269399515
0.21032977700815536
0.22264078501029871
1.3830587470001774
1.2696942670008866
4.368665329995565
4.49460200300382
9.979424714998459
9.720327751987497
17.66149573698931
17.558732959994813
28.828456446994096
27.9984266100073
42.143409183001495
41.728254554007435
56.37042419699719
59.32590335099667
75.2243225590064
75.97275320100016
98.15491225000005
98.68276347899518
0.28303226799471304
0.27041311698849313
1.685721420988557
1.7050693899946054
5.26369602100749
5.342422593996162
11.749080506997416
12.086486518004676
22.252045767003438
21.004844516995945
35.638819408006384
36.14661974400224
53.167640626998036
53.54332059099397
74.23219579699798
73.99336095601029
97.49100890300178
98.91672049000044
127.6545017370081
128.99770582201018
0.34478340999339707
0.32759579599951394
2.079303755002911
2.0144394469971303
6.003993972000899
6.310742911999114
13.823150317999534
13.817845277008018
26.06852432100277
25.49223483800597
42.046144146996085
40.76852596299432
63.49734548199922
65.47308833998977
89.50417659898812
93.0544717169978
124.20255819200247
125.04434843899799
160.05189212199184
154.6154958420084
0.33777462800208014
0.35798431299917866
2.190305226991768
2.2633555060019717
6.986241844992037
7.075571938010398
15.68862784099474
16.100979580995045
29.146018213999923
29.784196503009298
48.125570293006604
48.383399230995565
72.99625016000937
77.065457514007
110.0410557770083
109.37415118000354
148.27874256198993
151.23792965500616
196.1317753149924
195.4476924680057
0.38511925500642974
0.3839934850111604
2.4806453159981174
2.550425256995368
7.7664669639925705
7.9107904539996525
17.644852687008097
18.113769318995764
34.10703415000171
32.886156754990225
56.0936109059985
57.652525142999366
86.96577575200354
85.46779725200031
126.47343761500088
126.34673489199486
174.86679008499777
178.1504385790031
231.53241459300625
231.4216363930027