1.1529537739997977
1.9108878930001083
2.4071705790001943
3.2137669510002524
3.936458324999876
4.717711797999982
5.455305858999964
6.19237070500003
5.577094574000512
6.527865338000083
1.6605260599999383
6.80796102900058
13.667641922999792
20.52496622200033
24.03764373100057
28.654824408999957
34.45475191100013
29.61705533999975
49.356745946000046
46.585183273999974
2.427342654000313
13.694164870999884
31.316769240000212
47.019344997999724
67.62939543399989
80.81537919999937
79.94508521700027
127.31113039899992
138.6310956090001
135.27325173399913
3.755896030999793
20.550023833000523
40.07839990499997
68.45208654700036
111.58834937199936
154.53515447399877
228.7296211360008
252.1288857899999
314.1480765840006
287.6841206850004
3.1730157769998186
22.851282092000474
58.127664567000465
126.23918548199981
189.0910047340003
253.08805094200034
369.1563125190005
441.56003753799996
504.8471909590007
640.5507453339997
4.71062037000047
28.623971988999983
80.90566986699923
172.2287554149989
319.38866735400006
437.9567419550003
497.7888940550001
741.4990373780001
489.5057400429996
316.41570178299844
1.4375508009998157
10.398574434000693
31.1314818310002
69.3371446630008
116.47360354599914
170.85388690299988
217.06366888500088
295.2824236289998
383.44385400099964
490.2848416440029
2.005085558997962
13.553149999999732
31.52258641300068
79.5125832019985
139.22797110700049
230.26868330900106
347.6586416049977
450.14160719100255
500.4552999619991
562.3862316490013
2.669952401000046
15.37541029699787
43.277557217999856
104.08088655200118
160.09255441400092
250.02608426500228
410.2495844039986
500.53276925200043
597.2814774340004
843.8910964959978
2.898279310000362
12.041616228998464
45.156501852001384
107.6569619740003
221.2612640949992
330.66049157499947
472.99090808599794
601.0417923739988
732.2959797629992
1014.0745078569998