1.8433380859933095
1.849522300006356
3.537221587001113
3.592889075007406
5.260848691003048
5.323758673010161
6.991253530999529
6.992382116004592
8.790519317000872
8.861300286996993
10.46960948999913
10.45287658800953
12.282392426001024
12.231752355000935
13.970046762988204
13.813089481001953
15.768856804003008
15.837905483000213
17.31302261800738
17.570543747991906
1.830237535003107
1.8449999809963629
3.588041240000166
3.5661781069939025
7.319177117009531
7.208597409000504
7.2866142129933
7.055433062007069
8.78831598200486
13.165239381996798
18.181233580005937
10.413401327998145
17.488269352004863
14.564524774003075
16.226964743997087
19.65745449400856
15.738603208999848
16.150321250010165
17.453506039993954
17.494872154988116
1.8553631310060155
1.833691442006966
3.9572907769907033
3.5773826660006307
9.7468703709892
6.198097109008813
6.978873038999154
14.009816241989029
20.79850981698837
8.810522478990606
10.46792779599491
19.87432750799053
22.03148972100462
15.809512735999306
13.872206029991503
32.85828162700636
34.34111175799626
37.74178016099904
35.128236909993575
18.802676037012134
1.8387108349998016
1.8243313950079028
5.147860697004944
3.5361330799933057
12.669308629003353
5.2578238699934445
10.22991504300444
6.998708405008074
8.806269637003425
23.484913834996405
23.971792227006517
12.048452446993906
12.181390505007585
25.927633486004197
14.049356456991518
15.07348005399399
41.56983866900555
23.062345593993086
17.30311205999169
17.4954050029919
1.849102642008802
1.854904132997035
3.6170176309969975
3.5797761320136487
5.660320317998412
5.293092287000036
18.162566319006146
20.10823825400439
9.937360633004573
8.783481270002085
26.64643808300025
10.412318143993616
17.383123110004817
47.991245211000205
40.061579582004924
54.23232859300333
20.92911352199735
60.6455387439928
23.050538150011562
47.54093891699449
1.8457669399940642
1.828938022008515
3.5443477670050925
3.5457561850053025
8.689640665994375
9.925117616992793
7.098239088998525
15.829164790993673
21.9024643520097
32.4688989159913
10.502758129994618
10.484642657989752
53.961360374989454
12.361402253998676
29.737753199005965
25.486420039989753
19.762369179996313
37.13685656798771
45.07202218500606
60.96120910200989
1.837579838000238
1.820420442003524
3.6041695200110553
5.5850967620062875
11.051149783990695
8.471532166004181
21.050506657004007
8.471528971000225
15.75231440400239
21.79486174500198
48.11791337399336
20.862567155010765
26.850000218997593
21.641588924001553
14.743816653004615
29.077489231000072
31.274775482001132
17.139730916009285
42.19944843900157
55.19797120799194
1.8470597670093412
1.8300499239994679
4.179599388997303
3.5916339329996845
11.100686952995602
5.347033551995992
15.80110937000427
14.357703758010757
21.065156796990777
13.191680849995464
34.08715673000552
22.724083114007954
67.88858182499825
55.141618835987174
18.727795804006746
36.584405507994234
75.32791743399866
24.763983037002617
29.85049081800389
17.51244780200068
1.8570564609981375
1.8491251139930682
3.544457590993261
5.519731599008082
5.258382715008338
5.364807663994725
7.479421912008547
15.942574471991975
20.47723325699917
9.79593330899661
10.589496999993571
16.673322200993425
12.325847502987017
55.52458798298903
28.765603521998855
42.725080740012345
85.19927782999002
19.17073737399187
88.34909193599015
93.30094287199609
1.8560144570074044
1.8281628629920306
3.537798376986757
5.769726097991224
5.3339801779948175
7.777389259004849
10.181545313011156
7.05817331300932
22.87405505600327
23.797535206991597
15.13889733501128
26.04973236299702
12.25647978699999
12.311089524999261
39.9673157990037
50.172485356990364
59.363786622998305
40.36985476099653
38.19381590299599
112.57207136700163