0.32794532109983265
0.33202661597169936
0.44210795615799725
0.4360844111070037
0.5201495641376823
0.5153400900308043
0.5796801340766251
0.5837313961237669
0.6439917120151222
0.643353408202529
0.690650693140924
0.6919139688834548
0.7420121009927243
0.7556407609954476
0.8028394251596183
0.7925471900962293
0.8396806211676449
0.830100200837478
0.8704291731119156
0.8897057890426368
0.4378966549411416
0.4400302430149168
0.7219906558748335
0.7125003430992365
0.8598279319703579
0.8352065300568938
0.9832700891420245
0.9641286518890411
1.0466251180041581
1.0717389739584178
1.1765562519431114
1.194932920858264
1.2659632819704711
1.2769688300322741
1.3566522430628538
1.3284587289672345
1.4201962931547314
1.414954222040251
1.4518561630975455
1.5483307109680027
0.5099675280507654
0.5128976048436016
0.8520615661982447
0.8564820280298591
1.3026515538804233
1.3099499579984695
1.4786944289226085
1.496811127057299
1.6429027509875596
1.6326119811274111
1.7576733701862395
1.7835898799821734
1.9007498731371015
1.9288786940742284
2.052551713073626
2.0335859728511423
2.2003465560264885
2.2109830831177533
2.265247149160132
2.324343523941934
0.5835273279808462
0.5753148789517581
0.9717655749991536
0.9773817369714379
1.500878639984876
1.457964943954721
2.068291016854346
2.034920138074085
2.345515330089256
2.3160528710577637
2.476997565012425
2.543993450002745
2.7074880399741232
2.7465040520764887
2.9019298749044538
2.8550599010195583
3.1258720941841602
3.0487638630438596
3.306352993939072
3.1467190098483115
0.633083388209343
0.6322989789769053
1.0506488310638815
1.070812365040183
1.6236893280874938
1.6100755669176579
2.3096384019590914
2.299213004997
3.0172442339826375
3.055295215919614
3.323712518904358
3.318184976000339
3.553847795818001
3.5596007651183754
3.7787819190416485
3.789000384043902
4.014253062894568
4.0022317881230265
4.290474709123373
4.218564955051988
0.6926854469347745
0.6903036129660904
1.2399064388591796
1.1399090881459415
1.7540192799642682
1.7778232500422746
2.4552697190083563
2.4907922190614045
3.248155479086563
3.2738620680756867
4.2565990458242595
4.322056995937601
4.613404311006889
4.5790523460600525
4.897840781835839
5.113262778846547
5.2281516110524535
5.214011054951698
5.436993052018806
5.478620158974081
0.7463725090492517
0.7435193641576916
1.2365601360797882
1.2452147449366748
1.9002758560236543
1.8915328499861062
2.6933804261498153
2.664962911978364
3.545129199977964
3.5435809700284153
4.499940881039947
4.572788321878761
5.680250025121495
5.819105006987229
6.174766373122111
6.034449743805453
6.408481265883893
6.4529213779605925
6.742091605905443
6.767170666018501
0.7844035520683974
0.7752803568728268
1.2820655519608408
1.3099879729561508
2.0440062519628555
1.9714133890811354
2.854072588030249
2.8839548600371927
3.782581965206191
3.7778210600372404
5.062704916112125
4.942870856961235
6.1327406000345945
6.16741852206178
7.324738170951605
7.43455956899561
7.91386910318397
7.941437098896131
8.198788604000583
8.252417137147859
0.8205381371080875
0.8202373650856316
1.3971487919334322
1.4238718028645962
2.1195607469417155
2.1362599299754947
2.9962318900506943
3.017310797004029
4.01041039917618
4.011016298085451
5.151494764024392
5.181579718831927
6.356468186015263
6.431487692985684
7.845254984917119
7.821876534027979
9.255557413911447
9.077861922094598
9.547138429945335
9.825753950048238
0.8559901968110353
0.8624013650696725
1.4520251939538866
1.4612722899764776
2.2474363250657916
2.2458861970808357
3.1761451868806034
3.311059134081006
4.196689045988023
4.278090049047023
5.403522105887532
5.511992429150268
6.767719184048474
6.840816534124315
8.232227277942002
8.233700374141335
9.647029936080799
9.671740875812247
11.24706645286642
11.258946179179475