0.13779021194204688
0.13674692902714014
0.19815203407779336
0.19433898595161736
0.21605677995830774
0.21491448394954205
0.21468149102292955
0.25726612308062613
0.26712672505527735
0.23745740996673703
0.27774483896791935
0.2963681819383055
0.27264209697023034
0.2725267631467432
0.3545705620199442
0.29842482111416757
0.3185079151298851
0.30056986096315086
0.3235496000852436
0.3360755671747029
0.18635701294988394
0.1861165720038116
0.37656537303701043
0.3809867368545383
0.4505439018830657
0.42471472010947764
0.5083602869417518
0.5084655180107802
0.5749316790606827
0.5699816711712629
0.599369480041787
0.6287720848340541
0.6275169500149786
0.6247497820295393
0.697163499891758
0.6535192630253732
0.7325883060693741
0.7306756470352411
0.765501142013818
0.7636242019943893
0.2160808751359582
0.21140379691496491
0.4239082681015134
0.44407601514831185
0.7298901400063187
0.7467846390791237
0.8818438730668277
0.8474330599419773
0.8929335509892553
0.9493214630056173
1.0382337861228734
1.0018726480193436
1.0703258570283651
1.0990242650732398
1.1498953441623598
1.1505262630525976
1.181962673086673
1.206052407855168
1.3126552640460432
1.2695571561343968
0.2253913409076631
0.20606986316852272
0.49721310404129326
0.4970141400117427
0.8636480190325528
0.8310100040398538
1.2119354091119021
1.2597667009104043
1.338381996145472
1.3658420080319047
1.4891006369143724
1.4661387288942933
1.5526818339712918
1.5753377268556505
1.6638417260255665
1.6697084889747202
1.7494515641592443
1.7964704069308937
1.8763749038334936
1.8788768551312387
0.24561345297843218
0.2432912599761039
0.5674753459170461
0.5665747940074652
0.9634712908882648
0.9398116709198803
1.366695357952267
1.3195532150566578
1.7776763988658786
1.829390242928639
1.9897687940392643
2.0003857819829136
2.173284837976098
2.1356770540587604
2.269783016992733
2.276766415918246
2.424605834065005
2.394758260808885
2.537152596982196
2.5975637801457196
0.270716116996482
0.245006914017722
0.5706055369228125
0.5984611308667809
1.0650999199133366
1.0035902559757233
1.6176092640962452
1.488658495945856
1.9830934640485793
1.9845301879104227
2.6233630920760334
2.6611473860684782
2.8580833121668547
2.8854165789671242
3.0490180600900203
2.984230921138078
3.2458545649424195
3.181946277851239
3.4309202060103416
3.3144143940880895
0.28383200406096876
0.2595362029969692
0.6113491491414607
0.6116876599844545
1.0946228730026633
1.0925199040211737
1.5472599158529192
1.5793571721296757
2.087090027052909
2.1536511690355837
2.882822315907106
2.84507279493846
3.553445916157216
3.6016195190604776
3.849127738038078
3.827578681986779
4.053380343830213
3.947884015040472
4.242345154983923
4.296114047989249
0.31309973006136715
0.30382510693743825
0.6520593450404704
0.7135583620984107
1.107073828810826
1.089765636017546
1.6578407878987491
1.738415049156174
2.315792551031336
2.2734971961472183
3.0401186260860413
3.0714856409467757
3.8151051888708025
3.7910438398830593
4.654393092961982
4.710289729991928
5.01029457594268
4.918051516870037
5.219521512044594
5.2509658660274
0.32379622384905815
0.2946033289190382
0.726347120013088
0.7355890420731157
1.2096279270481318
1.2153231920674443
1.8119653351604939
1.7891162920277566
2.444706737063825
2.4063032581470907
3.1028506651055068
3.155182433081791
4.0600653409492224
4.014310652855784
5.002208047080785
4.9532271339558065
5.974241883959621
5.826769795035943
6.239056610036641
6.224675046047196
0.33616686915047467
0.3445747569203377
0.784338085912168
0.7585704540833831
1.2554250140674412
1.275827445089817
1.9020120019558817
1.8692614377941936
2.510947647038847
2.5135703859850764
3.354008167050779
3.30696245492436
4.265554327983409
4.271326520014554
5.168805707944557
5.1958128090482205
6.163025642046705
6.255666936049238
7.309064341010526
7.18398962309584