0.11526266718283296
0.14698321116156876
0.16132401395589113
0.17745206388644874
0.2176244528964162
0.20776054915040731
0.22155823605135083
0.23651015292853117
0.2602268250193447
0.26415713783353567
0.2566183269955218
0.29271112801507115
0.292941362131387
0.30012630904093385
0.29867018503136933
0.28882513102144003
0.2997458460740745
0.3095410249661654
0.34505525790154934
0.3230990800075233
0.15281333890743554
0.15444135293364525
0.35138219711370766
0.3555540069937706
0.42387078097090125
0.4519608239643276
0.49194257287308574
0.49102009693160653
0.5434044159483165
0.5476604260038584
0.5784103251062334
0.6050076519604772
0.6342196310870349
0.6485431541223079
0.661256070015952
0.6816432329360396
0.7229230301454663
0.7435980329755694
0.7727881739847362
0.7516800339799374
0.205274716950953
0.18493722705170512
0.47897684993222356
0.4260164450388402
0.7760080038569868
0.7506267118733376
0.9079733730759472
0.8866571371909231
0.9377704130019993
0.9331805389374495
0.9791768200229853
1.0116942529566586
1.0913516259752214
1.1039265689905733
1.1672030829358846
1.1640287730842829
1.2568925709929317
1.2434383239597082
1.281479924917221
1.3913220020476729
0.23394559998996556
0.2141299161594361
0.48636690713465214
0.5413955599069595
0.868500225013122
0.8052580119110644
1.2002351691480726
1.2374130780808628
1.3492918540723622
1.3598076158668846
1.4542174958623946
1.4855417860671878
1.6960812110919505
1.6298396810889244
1.6986547750420868
1.6590581878554076
1.926164245000109
1.7603958658874035
1.9138229100499302
1.8744684350676835
0.22878863103687763
0.2590306999627501
0.6076747109182179
0.5755852919537574
0.9522848699707538
0.9144286499358714
1.3446150829549879
1.3386255309451371
1.8116176810581237
1.867292279144749
2.013993195956573
2.0654595100786537
2.3137916140258312
2.2178924339823425
2.3669213720131665
2.3886482019443065
2.4115057880990207
2.3816582788713276
2.510849602986127
2.614007730036974
0.2821100549772382
0.2490323910024017
0.574430052889511
0.6456583810504526
1.0175297430250794
0.9848327480722219
1.4468541468959302
1.4804974549915642
2.0262903380207717
2.005097937071696
2.747376144863665
2.685186406131834
2.866188329877332
2.982796040130779
3.079750946024433
3.043360026087612
3.212606983957812
3.257765743182972
3.4004474580287933
3.3648351370356977
0.3011904878076166
0.26548767392523587
0.6725079838652164
0.6017234120517969
1.0545556810684502
1.0979471919126809
1.5273442368488759
1.573946215910837
2.090342169161886
2.137749734800309
2.8251881399191916
2.7963711889460683
3.5623841711785644
3.596875488990918
3.9639579108916223
3.876331590814516
4.020695462124422
4.010229762177914
4.315523735946044
4.246580815175548
0.31279301596805453
0.2760576701257378
0.6377115130890161
0.7340687199030071
1.1144633791409433
1.0919761369004846
1.6717536831274629
1.6809651111252606
2.288504872005433
2.236766466870904
2.999609091086313
3.1646518108900636
3.8374721170403063
3.816613552859053
4.771590800955892
4.750012214994058
4.860698776086792
5.163390578934923
5.211795371957123
5.290271318983287
0.33161583612672985
0.3046188820153475
0.8131657170597464
0.755149157019332
1.2645541911479086
1.1929176331032068
1.818771471036598
1.751514223171398
2.3943722958210856
2.5035617460962385
3.158990337047726
3.163108787033707
4.005454818950966
4.070972990011796
4.833371404092759
5.165436362847686
6.04616970801726
6.104139453964308
6.356150357052684
6.197063800878823
0.3435392249375582
0.34371171006932855
0.733651997987181
0.7598513890989125
1.2801990541629493
1.245550809893757
1.880729913013056
1.854473636019975
2.5888222120702267
2.596939975162968
3.397740958025679
3.324820908019319
4.245780464960262
4.510589062934741
5.364309723954648
5.524041916942224
6.134900470962748
6.169403406791389
7.1456043848302215
7.314231488853693