1.8514754719944904
1.8468873230012832
3.5751136290055
3.569173468000372
5.3597476099967025
5.332148132001748
7.0728306480014
7.039173140001367
8.713909700003569
8.819810322995181
10.47061729899724
10.607417298000655
12.598443305003457
12.233726651000325
14.084966070004157
14.039838425989728
15.66946986199764
15.649913499000832
17.626989317999687
17.614359647996025
1.8458965970057761
1.8355169930000557
3.571599551010877
3.5423656000057235
5.263516552004148
5.31365555600496
7.140663911006413
11.84502591000637
11.952044577992638
9.808300963006332
10.666300648008473
10.519797629996901
15.055342702995404
15.137205947001348
14.061937349993968
14.01339400500001
15.650045753995073
15.769034186989302
30.563587656011805
23.687501941996743
1.83431558200391
1.8311259629990673
3.5801027060078923
3.5775991970003815
7.57240053100395
6.672670261003077
7.074873317003949
15.594348785001785
8.75019632600015
8.75699261900445
10.455060445994604
10.604805933995522
16.073837865988025
12.367245183006162
25.855824176993337
20.290124809005647
36.32784737300244
38.7479821809975
32.088220539997565
41.09160188000533
1.8338209109933814
1.8349934249999933
4.1744858299935
4.505881421006052
5.325726205992396
9.179222791004577
17.820972139990772
10.513074403002975
8.766106695999042
22.257433121994836
10.484055006993003
10.422424412987311
18.16820754800574
14.283142661995953
17.787802966995514
13.871131100997445
43.23710611599381
27.096053455999936
17.806973925995408
42.59142385600717
1.8366256449953653
1.8467137519910466
3.5981907910027076
3.547746506999829
12.228173775001778
10.329320365999592
7.391850309009897
9.976810813008342
8.804958075998002
16.235001209992333
14.330348667004728
12.529978708000272
34.04551118401287
19.270828327993513
18.49364002600487
39.50084618999972
30.30735033498786
25.91160612499516
30.0733983359969
17.35517600500316
1.8487674209900433
1.8258475299953716
3.5866215549904155
5.4345124140090775
12.455026928000734
5.354150683997432
9.80340226100816
8.917574413004331
8.763339591008844
32.020546560990624
49.68756011899677
10.401044580998132
54.96111764801026
47.313559991001966
46.73841990099754
21.592116835992783
45.460868472000584
26.728925949995755
29.834159140998963
37.60842349399172
1.8554006420017686
1.8471539840102196
5.696990466007264
3.568048171000555
5.273506877012551
5.951479398994707
6.983716476010159
10.26820934600255
14.418859507000889
27.457217841991223
15.386912506000954
33.29261851099727
55.93498779500078
13.419042329012882
36.952684244999546
78.7030967890023
53.87379421800142
78.58575771599135
91.98922933799622
86.57082530199841
1.8697983699967153
1.840395097999135
5.2990211459982675
3.532306041000993
5.3363999930006685
8.156188929991913
17.05087947800348
11.03796627400152
8.801006499998039
8.736308445004397
18.8765827610041
19.820035933007603
43.38523802100099
38.66773171800014
21.377721953991568
50.021364079992054
86.1729839789914
85.50749155601079
64.80852003399923
29.7623181759991
1.9043165490002139
1.838791495989426
3.561976869008504
3.5696633799962
5.314014335002867
5.268968684002175
16.74099255100009
10.592766179004684
21.290969745998154
19.597388638998382
50.21621959999902
20.44238683799631
37.48313247000624
30.0397032359906
18.634715605003294
28.448892974003684
54.214920717000496
83.39598863999709
117.68503987901204
17.56101518801006
1.857868356994004
1.8341162979922956
4.5631904270121595
3.70452915498754
12.286852229008218
9.840489572990919
10.063447135995375
14.941094969006372
29.524826663997374
32.33017526399635
31.425649173004786
51.21218483499251
23.622196807002183
33.0693051989947
29.05756283100345
46.94401374300651
48.62730333300715
93.03799056301068
61.1583325160027
25.5468789840088