0.33370349486358464
0.33628298807889223
0.43916013394482434
0.43389704008586705
0.5258000600151718
0.5110398060642183
0.5871103119570762
0.5781831929925829
0.6385182559024543
0.6362098339013755
0.6972275180742145
0.68787438608706
0.7431048001162708
0.7433641438838094
0.7890838740859181
0.7818120068404824
0.8381283460184932
0.8351531371008605
0.8695122238714248
0.8577759109903127
0.43876521615311503
0.44040693202987313
0.7405770430341363
0.7064276630990207
0.8689978308975697
0.8442721301689744
0.9809808998834342
0.9991430551744998
1.063951953081414
1.0848680138587952
1.1771547980606556
1.1627623359672725
1.2676930141169578
1.2465086330194026
1.3447684049606323
1.3461315541062504
1.387863284908235
1.416220203973353
1.5374026319477707
1.4594550330657512
0.5099604960996658
0.518930576974526
0.8560415080282837
0.8666669197846204
1.2917146708350629
1.278946849051863
1.4847815569955856
1.4812789999414235
1.6712772869504988
1.6423568180762231
1.8053119168616831
1.7842848801519722
1.9355958381202072
1.9256652127951384
2.0560774740297347
2.052755330922082
2.1498910570517182
2.1591392890550196
2.265070858877152
2.2852491289377213
0.5790103410836309
0.5730885260272771
0.9551135750953108
0.9648269820027053
1.4735652941744775
1.4777374910190701
2.1124365660361946
2.085610955953598
2.274357382906601
2.306003589881584
2.487941961036995
2.47955554490909
2.716729715000838
2.700294825946912
2.8621859869454056
2.8892053968738765
3.045616643037647
2.9990861241240054
3.2097380380146205
3.1594281068537384
0.6447525219991803
0.6379467688966542
1.0463836858980358
1.0422382659744471
1.6527299678418785
1.5985373940784484
2.321786165004596
2.277274320833385
3.131629740819335
3.012492908164859
3.3067501299083233
3.272674690000713
3.5316797278355807
3.508916987106204
3.777606293093413
3.8351533559616655
4.011034888913855
4.038133233087137
4.173599830130115
4.266436800127849
0.695239668013528
0.6881177620962262
1.1332194020505995
1.133929941104725
1.794629889074713
1.7722121959086508
2.495734811993316
2.5154641789849848
3.265033667907119
3.2452799279708415
4.211330428952351
4.29112069378607
4.7022540748585016
4.494409299921244
4.9674559510312974
4.851767722982913
5.196326637873426
5.210543567780405
5.550351219018921
5.44631995796226
0.734963365830481
0.7406512938905507
1.246551571879536
1.2417223190423101
1.9102946249768138
1.9006882549729198
2.6295341229997575
2.694375185063109
3.5364245518576354
3.5404845881275833
4.638827964197844
4.617709351936355
5.793937748996541
5.888763304101303
6.256657500984147
6.133582884911448
6.377891123062
6.376686410047114
6.744670777115971
6.823042765958235
0.7811560649424791
0.7855777789372951
1.2897982720751315
1.316587959881872
2.027925383998081
2.0424531418830156
2.8286403010133654
2.838060915004462
3.727059595985338
3.743840266019106
4.915266657015309
5.041222369065508
6.139920609071851
6.107010112842545
7.497045138850808
7.33915114402771
7.741024330025539
7.813105120090768
8.166098091052845
8.243092036107555
0.8419028359930962
0.8287122179754078
1.389299038099125
1.408647998003289
2.133830174105242
2.138550490140915
3.0307838548906147
2.9886029390618205
3.960956441005692
4.000647946959361
5.162043945863843
5.148019203916192
6.472923658788204
6.354050684953108
7.783816570183262
7.759170413017273
9.248788349796087
9.113211405929178
9.55403902917169
9.599852080922574
0.8640971868298948
0.8714438939932734
1.472507304046303
1.4752813691738993
2.253492755116895
2.2643941540736705
3.2302152668125927
3.208423938136548
4.13540137396194
4.2816208130680025
5.358243942959234
5.410623679868877
6.7880993948783726
6.747319232905284
8.110208404017612
8.32877194415778
9.626619251910597
9.828930102987215
11.360284049995244
11.15990019007586