0.00446827698033303
0.0029240589938126504
0.004220664995955303
0.006634218996623531
0.004725728009361774
0.00395359899266623
0.005117927998071536
0.004674873984185979
0.005482149979798123
0.004885166010353714
0.004904720990452915
0.005525050015421584
0.009448605007492006
0.005548731976887211
0.006342626002151519
0.0054082660062704235
0.0074907079979311675
0.005683488008799031
0.005666924989782274
0.006485452002380043
0.003212474985048175
0.0032011530129238963
0.005602014978649095
0.012392772012390196
0.0059839109890162945
0.005534118012292311
0.00786476899520494
0.005870174994925037
0.006621653999900445
0.007767078990582377
0.007161040004575625
0.00842990301316604
0.007743824971839786
0.009041072975378484
0.007308044994715601
0.00953243998810649
0.0076420789991971105
0.007642356998985633
0.009133721003308892
0.008381787018151954
0.005442952999146655
0.0030554579861927778
0.005554129980737343
0.003758685983484611
0.0066722939955070615
0.0052699729858431965
0.007528463989729062
0.006436921015847474
0.009319356002379209
0.007295584015082568
0.007836425007553771
0.009068537998246029
0.008392891992116347
0.009721003007143736
0.009095788991544396
0.010822649026522413
0.010031673999037594
0.011496432998683304
0.011192720994586125
0.01217162300599739
0.003466861991910264
0.006042963999789208
0.004535280982963741
0.00716389698209241
0.006310213007964194
0.009218107006745413
0.007754855003440753
0.009533424978144467
0.00830329698510468
0.011406456993427128
0.010627127019688487
0.012435642012860626
0.011468482989585027
0.011315379000734538
0.013764898001682013
0.01155996200395748
0.014734135998878628
0.01273013197351247
0.013694755994947627
0.01559602699126117
0.003823988023214042
0.006834425003034994
0.005052717984654009
0.0068844209890812635
0.0062108330021146685
0.008256020984845236
0.007880213990574703
0.01119082499644719
0.009412629995495081
0.010724213003413752
0.014224054990336299
0.013707054982660338
0.016047633020207286
0.015327041008276865
0.017336312012048438
0.01689485600218177
0.018881215015426278
0.01832261501112953
0.020254124014172703
0.020160479994956404
0.005264136998448521
0.004610845004208386
0.006921811000211164
0.006451999011915177
0.009708864992717281
0.009164407005300745
0.013010241993470117
0.024557771015679464
0.14581883198115975
0.09964748998754658
0.01713540800847113
0.024598159012384713
0.0181774030206725
0.020053749991348013
0.02002412299043499
0.02486193599179387
0.019215156004065648
0.025434673007111996
0.024127584998495877
0.02404210899840109
0.0061296779895201325
0.008912589983083308
0.007442036003340036
0.011456062027718872
0.010627330979332328
0.011800534994108602
0.014126272988505661
0.020402463007485494
0.01690730801783502
0.04892865600413643
0.019131404988002032
0.0275222210038919
0.022440519009251148
0.02995957000530325
0.04638168300152756
0.02321741500054486
0.027814928005682305
0.02534015098353848
0.023233937012264505
0.02574125601677224
0.005346621997887269
0.004627038986654952
0.006657057994743809
0.007191515003796667
0.04153261802275665
0.009367933991597965
0.019536981999408454
0.01360416499665007
0.025567285978468135
0.01627632899908349
0.026008965010987595
0.3774591570254415
0.02071740000974387
0.020527699001831934
0.023610931006260216
0.026955094013828784
0.02401836300850846
0.029921705019660294
0.026659278984880075
0.030843990010907874
0.0053719830175396055
0.005520122009329498
0.007536404998973012
0.00861189397983253
0.0655285659886431
0.016581656003836542
0.01374047200079076
0.014119760016910732
0.027249062986811623
0.017542304995004088
0.020287657011067495
0.020179618994006887
0.022109340003225952
0.02193620297475718
0.023769496008753777
0.2759462939866353
0.027588445984292775
0.027715634991182014
0.029803163022734225
0.029483933001756668
0.0058120350004173815
0.00600369498715736
0.00791121699148789
0.008623744011856616
0.08131298699299805
0.1589909319882281
0.25961268099490553
0.12834247000864707
0.027290475001791492
0.023054958001011983
0.02553133200854063
0.026421573013067245
0.024789863993646577
0.03787101700436324
0.02762913701008074
0.03734239001641981
0.030323218990815803
0.04181594101828523
0.03230414300924167
0.04217853699810803